image_width: 1280
image_height: 1024
camera_name: mv_camera
camera_matrix:
  rows: 3
  cols: 3
  data: [1782.039985, 0.000000   , 649.624127,
         0.000000   , 1781.375482, 459.683539,
         0.000000   , 0.000000   , 1.000000  ,]
distortion_model: plumb_bob
distortion_coefficients:
  rows: 1
  cols: 5
  data: [-0.081005, 0.402482, -0.002307, -0.000852, 0.000000]
rectification_matrix:
  rows: 3
  cols: 3
  data: [1.00, 0.00, 0.00,
         0.00, 1.00, 0.00,
         0.00, 0.00, 1.00]
projection_matrix:
  rows: 3
  cols: 4
  data: [1783.992416 ,0.000000    ,648.656378 ,0.000000,
         0.000000    ,1784.409780 ,458.922220 ,0.000000,
         0.000000    ,0.000000    ,1.000000   ,0.000000,]
