image_width: 1280
image_height: 1024
camera_name: mv_camera
camera_matrix:
  rows: 3
  cols: 3
  data: [1668.819376, 0.000000, 652.674168, 0.000000, 1685.749967, 569.586654, 0.000000, 0.000000, 1.000000]
distortion_model: plumb_bob
distortion_coefficients:
  rows: 1
  cols: 5
  data: [-0.070489, 0.224968, -0.001444, 0.000551, 0.000000]
rectification_matrix:
  rows: 3
  cols: 3
  data: [1.000000, 0.000000, 0.000000, 0.000000, 1.000000, 0.000000, 0.000000, 0.000000, 1.000000]
projection_matrix:
  rows: 3
  cols: 4
  data: [1665.373323, 0.000000, 652.995966, 0.000000, 0.000000, 1681.123658, 568.497915, 0.000000, 0.000000, 0.000000, 1.000000, 0.000000]
